3020
6765
654
2542
5185
7329
2709
7405
7302
2557
4886
8893
1041
6569
7193
1970
775
377
5326
2320
2443
8487
1531
4000
5713
4625
6199
9843
6920
1503
9495
5734
6887
984
1526
198
2023
2581
8843
8550
8513
1750
7894
3215
8442
9924
4330
4392
4444
4182
1089
1590
39
8680
1820
1285
2680
5721
5995
152
9000
7363
6717
189
5448
2225
9719
8596
3611
5596
3498
7010
3606
2454
9680
641
355
4875
6807
3802
3212
6196
1090
4950
6662
8974
5787
7281
5355
9707
2606
6320
5037
9512
1218
8213
3688
9262
5401
3728
6775
700
1883
5352
8602
4789
2541
1402
438
7574
4359
5793
9566
1612
6247
3367
2065
1075
2048
491
3651
2273
9927
5476
9072
2324
2528
2181
4366
937
4707
9841
6963
5903
1557
784
2839
1707
277
5059
2043
8926
772
2293
6538
5684
3448
1602
158
366
5411
4060
3559
6402
1663
5771
9304
2160
9757
6341
6322
1689
5279
6672
2085
9500
738
7923
3428
4529
8192
1123
984
7977
8788
941
8776
9269
8319
5438
7320
1446
1963
1307
6079
3445
7487
1919
8093
1829
2674
3423
1709
8790
6259
3284
8679
2395
9992
489
3561
1869
325
1203
4471
8529
9664
1249
5937
3287
755
8916
1316
5365
1217
7425
3828
4820
3037
1349
7496
3354
3399
2489
454
9575
5528
1462
4048
1315
2240
2377
6975
7944
2222
2394
6640
3596
3616
1834
988
7027
9387
9868
7916
7922
5037
5014
7196
310
5457
823
9264
7974
9172
11
1333
9750
6933
2317
1353
2830
5522
428
717
2571
2625
49
8553
9876
7675
7024
209
9839
6048
1613
5975
8597
7639
4081
7122
6995
6165
2589
6541
611
9584
9870
5362
2314
8596
2450
3449
9331
2998
5050
5147
5628
4551
3312
972
8816
3995
3018
425
3909
2378
4032
9582
3318
3895
3739
7851
323
2543
9918
4936
3704
9348
3354
5174
4171
4603
9484
5656
1354
5715
2362
8402
2597
5288
2350
4353
2775
5382
3425
1771
9787
449
796
2520
2765
8260
1579
6945
3038
7944
9875
1448
7836
1064
3622
3944
3986
6084
2068
4686
8651
4306
4820
1929
4557
2555
1123
542
1635
8693
3725
7695
5323
6604
5530
7197
1298
7543
5994
2507
1789
2761
7780
1077
1113
2452
4010
9857
1557
4597
2642
6948
2958
60
3361
6024
9883
8346
1849
8317
3419
6976
2341
2190
6732
8693
1185
1253
2493
1976
3855
8722
2214
3351
2744
1911
5318
8048
2496
2711
9517
5974
1901
5777
2459
1079
5257
5992
5321
3387
2229
8917
3671
94
4033
2559
7525
530
1738
6489
1910
8607
1139
7548
6626
7581
2135
7271
8683
5812
8926
85
5026
7553
1566
8670
1787
8891
5187
448
446
2679
2066
511
8847
5801
9274
6650
2352
7436
9421
1632
6022
2372
3998
1491
4633
6513
7114
172
1424
6055
3324
7328
1917
2636
7148
8353
7556
1842
5240
1320
4898
7190
3878
9889
155
4199
408
8391
5924
3467
7489
9571
6051
3326
455
4671
1444
1021
7097
2255
5741
1442
3123
1410
1316
3265
2416
3413
5599
6162
4911
1080
9453
1087
1209
1846
5251
3281
1650
6719
3017
1414
222
8424
2438
6647
8710
3446
2329
2407
2523
391
1978
2525
394
7074
4417
5750
9393
431
5429
5972
8337
1049
6647
1116
4164
5331
8239
6159
2929
9417
6775
8343
2925
2169
6536
7093
6068
258
5394
9016
4857
8380
8000
2208
6314
6840
778
5139
9432
4617
8540
4976
1525
4786
2920
7219
8335
690
2440
5529
7740
2046
406
4516
1926
5550
7215
81
5545
8091
2645
2391
9354
8646
5349
5747
7771
2077
25
2450
3836
6410
2878
7534
3428
1932
4776
2541
3105
730
3156
1974
8060
9013
2718
7238
112
9165
7029
610
6492
6007
2316
1118
9527
8846
4786
9053
3524
4696
148
202
6007
4874
8370
2054
7638
974
8783
2802
8883
2419
6604
3968
9433
6966
8120
7013
7556
6080
4977
7106
8438
848
4846
6979
7144
795
1824
7623
9742
4385
6437
5186
2062
4305
5855
5903
6850
2640
9877
6922
4332
7958
3753
9565
5882
4169
5546
5849
1962
3518
4810
4807
1087
8301
6899
3263
3300
6005
7349
4841
4464
9680
2547
7395
1915
392
6463
499
6705
970
3059
9789
1909
5402
4785
1942
4999
3895
7837
7257
5449
1168
1194
1306
478
3527
1810
4762
1811
149
2539
9211
3139
6894
2198
1093
6502
8519
6697
2376
4714
1621
8927
562
5093
8039
3566
9395
2857
8263
5130
719
7769
109
6312
387
1131
8837
213
2236
287
5826
2248
1589
4159
5650
1942
3744
7782
8228
581
1495
1334
5256
914
9906
5621
550
3175
875
9096
4401
3159
2753
3091
1117
492
7114
8367
8783
2803
3485
125
8100
550
5183
9483
6117
9467
9851
8740
4297
8587
1863
3356
315
5285
1685
6253
78
8675
2152
9067
5518
494
3080
447
4665
8814
2743
5986
3997
1412
6740
8216
660
7964
6624
9551
4542
6989
9888
3384
7357
7635
8146
7749
6855
1134
6803
3540
7927
1580
4112
9995
901
1301
155
4356
2615
2806
2577
9659
5656
704
7274
8006
2425
6993
6593
8372
7717
2324
5829
6745
6041
1093
7358
1657
2707
3159
2132
5058
2330
2617
8300
3744
2078
7046
9476
4827
9298
5980
8114
6931
8247
9872
3559
5663
6475
3823
6426
8434
210
8888
8387
4879
7603
9849
7172
1327
6247
8887
3279
6641
3981
6194
8612
9585
4962
7559
6969
1195
431
5528
4896
8289
6803
9242
1107
9452
2818
9389
2579
8560
8206
2929
7009
2099
1766
2935
9308
416
1932
5910
7357
7910
2203
1471
8527
4198
4936
8274
5604
1053
9736
626
9123
6094
2435
1975
8630
357
5623
8307
3859
7751
128
3528
2649
3741
5175
4135
8910
2755
1993
187
214
3980
6009
4056
2183
6136
9000
4686
1547
249
4020
4131
2117
7346
4031
4063
9111
3153
1521
1641
6964
9646
480
2595
4993
4468
8640
3681
706
4049
7510
7744
6434
6521
9649
6005
3298
6895
4699
2355
774
8422
859
881
4781
9220
3791
4331
1504
3640
1305
7975
8172
5294
9847
4875
2467
8897
9896
8254
79
7409
1803
204
4873
8229
3226
1358
9017
7074
7351
7977
6927
6236
918
7701
8674
764
9996
1665
6263
5876
5462
6806
1652
383
6588
713
2229
972
9143
6516
1998
588
9809
9255
7586
7289
2076
7835
3300
4682
8359
5544
685
2612
5628
2328
4941
1204
5933
8859
5349
474
8640
4076
6692
8008
2376
6051
8480
7356
7974
3581
3783
8745
1471
7721
903
8445
2928
7908
5227
5134
9664
4648
1463
262
5045
7248
5382
1633
3738
7695
6689
773
5183
482
7699
5906
6657
1363
3083
1273
7676
3775
3410
4449
5582
186
2654
7464
4973
4962
1765
1255
6524
481
7414
153
8922
8631
1381
7790
3324
3863
9717
2203
828
5936
1435
3684
497
3792
480
9740
9233
644
1207
2140
1476
5139
1104
2834
1564
9899
2236
7740
7506
8299
5426
9814
6706
1860
6673
1121
7913
5882
5367
7380
9310
8495
7010
6662
2735
9473
5541
2493
5022
1411
5389
6433
3500
1130
1556
7909
2979
1769
1078
9463
1722
6191
3890
2261
9237
4302
1188
3874
6812
9568
544
3785
2989
6501
6961
9266
9988
1216
4643
3059
9882
8051
989
1049
7611
6776
820
455
6428
4370
620
397
8829
611
9936
8765
7052
7007
3364
9546
4330
1872
3656
1618
1154
1980
640
558
4951
3588
8434
4295
45
8990
927
8187
4779
6293
1670
5872
1583
720
6
3000
1794
8080
2194
9926
3150
5774
3370
7968
3629
4276
7383
9334
5556
634
8055
2546
3632
2293
762
6240
9743
9099
1547
848
7587
9498
5619
6745
6738
7513
4571
528
6897
5183
5265
1833
1923
7315
2654
6382
8412
9395
2069
7486
2107
8457
3261
3575
2583
5867
9746
1031
6297
2466
473
7743
8091
9037
5683
4985
2655
6199
6469
4716
3731
9638
5253
1598
1923
3094
551
9433
7392
9909
3401
3809
6416
4048
9275
4933
1669
2910
9476
3523
5026
2395
8753
2225
9964
7624
3614
762
9789
9137
202
3637
2431
6463
9766
124
9703
8255
7055
9179
3664
4098
1964
904
2714
1831
3161
5315
8529
7622
8310
5133
5411
8638
7018
2286
7421
3570
2668
5265
7221
6207
931
8307
3677
6273
5148
6572
7670
9926
1740
9548
2564
307
8150
1322
6001
8837
2639
2521
2420
9803
577
8301
8323
5699
6557
3325
2454
786
7604
7944
2030
5432
8936
4380
1462
5283
6478
3893
697
1683
9303
1876
8276
2478
8319
1408
7133
9620
5013
4529
4837
3782
2109
954
2634
8994
5474
2614
5903
6018
3616
4807
7152
2358
1312
9387
5857
9775
7573
528
3351
6318
9560
7674
2761
156
335
1298
9431
5179
8243
6720
3356
557
241
7581
3072
5924
5297
4834
6385
3305
5702
7350
756
3440
1349
8262
1942
8860
3753
1477
1592
3071
4678
326
1290
181
5261
2151
374
8498
9872
6353
1633
5657
5511
925
2366
335
7137
4841
3060
7823
4830
859
5168
2654
3613
8886
3646
7250
9074
9995
3844
5935
7483
5089
2447
7762
3970
616
2675
706
2565
8090
5565
7443
5493
7523
1867
8060
4460
2131
3934
2044
706
4417
2414
2121
1633
2706
2671
5257
1864
362
2692
7044
381
2931
5361
937
7767
2668
2133
3217
6874
1235
5431
2641
964
9398
5391
8612
1384
5302
2025
2344
4537
2590
1446
8711
2985
9651
1268
489
882
652
7647
6056
901
1155
5239
580
4993
4236
2548
8360
5703
8037
6519
813
9740
2367
8147
3485
4382
8669
6428
1323
6266
970
9839
5745
3133
3216
3298
1690
1929
4422
5149
6305
4459
2778
2297
7625
9963
3343
4648
447
9844
9848
4662
8813
2836
6038
574
3393
2278
5646
9552
3789
4574
8943
5937
8527
5428
5378
7635
2132
6774
1795
4103
3113
8823
7151
5600
4146
5724
3502
3322
239
9672
2659
4539
4635
2774
8274
4504
5494
9015
9825
1579
3542
6877
6914
6708
3274
2808
7216
926
8991
1454
8376
2036
5478
4112
6571
1987
2278
9595
6481
7617
7710
684
2639
5838
6334
3576
7963
1466
3398
9195
6672
8775
8286
7631
6318
6049
3720
3327
1683
1435
1203
5212
6336
8940
7154
8336
5205
4378
1453
9329
3375
9045
2053
9032
595
7095
4797
771
2251
4379
2696
1464
9056
5180
7486
8955
9608
319
4515
5698
7443
7971
1609
4327
6097
4503
36
7389
1862
6238
2238
5254
5232
6047
8909
452
1976
1855
6514
319
7607
4163
5428
663
7260
6448
7276
5547
4731
7270
2289
8217
2263
1581
343
8278
6339
7038
9076
1216
1062
1573
5267
5362
5197
1222
5901
5800
2406
5278
8036
7988
458
362
5617
8448
8969
7710
8321
9765
6189
7119
2892
1531
1320
465
3143
8050
2303
2857
4602
8721
8124
474
6771
4685
9134
4098
1564
3820
9380
1994
1515
5513
3786
4985
8201
1595
978
5707
4118
3778
2278
4241
5851
9714
7197
5064
8575
8899
4717
4126
1694
87
6848
8034
3046
6990
6698
6668
4724
71
5034
3789
1935
600
4367
8664
2867
7535
5789
4960
2066
2954
4015
9940
8213
884
4351
9129
8041
6513
868
1015
1880
8924
140
967
8756
4782
8570
2315
2348
6306
4449
1918
2648
759
4466
29
8519
518
2242
6070
8556
4164
8976
2448
2404
6586
181
9724
8539
6387
765
2315
5904
1190
3845
992
5862
6533
9222
6887
3388
1093
9041
3717
1535
1167
2907
9106
7742
8214
2122
7413
1118
5786
2992
9694
3903
7948
3960
7226
7135
4451
6511
2050
3726
5198
150
3141
7458
7755
5845
4856
6012
8120
3169
2603
2074
4040
1233
2846
5102
2344
9085
675
5647
4930
5688
6534
6334
1217
9600
5322
6492
6439
163
101
1754
4380
1413
8527
1169
7160
4959
8695
4836
6194
5834
2535
1650
7561
316
5129
1616
820
1426
858
2566
4677
4943
9214
2537
3299
5652
5476
4874
8520
3105
4347
8380
2824
170
6037
2987
4963
1341
9499
6460
2013
675
5250
3871
4188
9286
2300
7516
5601
3154
3505
5133
2379
9662
1984
104
5144
3613
5233
609
1134
2208
6829
5677
1433
830
7872
1737
5653
791
8061
1164
4623
5973
1330
1786
2343
2756
2094
9483
2073
1844
241
507
4124
2541
2179
7539
1129
4082
9912
2089
3456
5368
977
7699
1768
2441
2310
4609
9686
7364
7635
3980
8193
184
6369
201
1955
4673
9175
8947
2434
5249
465
376
4735
7299
671
8098
7982
5068
3681
1610
3400
7043
8225
4952
2206
1458
5409
557
718
1677
104
852
9243
6403
4807
2294
1688
7235
672
8254
9541
1297
9657
2028
7773
376
1421
1486
4783
4754
8484
8764
380
7174
8629
7154
7312
1746
3769
2435
7749
7065
2577
2476
2180
9598
8858
6840
6173
898
7872
1730
1370
9787
1073
2815
1070
309
852
1085
8499
3197
6810
439
5317
9500
1939
3243
5705
4576
2836
3165
1907
3425
792
3229
3766
4915
4052
2678
7084
7143
6223
2921
5480
7927
4050
3994
8426
1122
7853
2264
8452
5092
7226
195
2331
3242
2069
1369
6656
325
3068
8498
6895
4445
2948
9469
8647
2135
9228
4250
2059
1242
870
1817
7321
7566
5699
8579
9609
5094
9934
5144
9080
5312
8844
584
2582
9723
8163
3366
1788
9544
3768
7018
2386
9300
6941
1238
1056
5685
3771
6059
243
9490
9420
7628
4691
5192
1981
723
4195
3834
4305
7987
2712
3369
1321
3599
7661
213
7987
3049
7846
194
9249
2909
4020
959
2060
6094
5881
7395
3144
8209
3980
3672
8105
8777
6047
7468
1094
1875
2191
8902
7870
1043
1260
646
392
222
1738
9776
1775
3450
9462
4875
2670
418
1709
7877
56
2511
362
9273
587
6404
5422
7667
5622
136
9429
5699
8392
1849
5110
3953
4459
9311
1755
8704
2338
9806
6643
7269
6686
6817
852
3594
7735
2163
1332
7838
1305
5407
1322
9664
9885
6412
7153
2540
4826
8561
5229
3061
3163
3295
8736
2595
2066
3166
1887
6510
3981
72
1249
2572
1273
9078
1352
5464
5924
823
3043
4116
6952
7224
1778
9856
3668
6833
8796
8683
8269
4588
7262
5672
4613
1691
4821
533
8378
3274
8926
4905
5459
6035
395
3820
2087
8145
8185
5308
4798
1911
2960
3773
1227
1313
3259
3008
2347
4635
3176
7511
2663
737
3393
8759
8656
2583
6621
6191
8012
6746
5265
2136
219
1078
427
174
8768
1146
3696
9823
5228
6537
8708
2129
6365
242
9018
5224
6871
4082
7389
8696
7185
8744
2143
7720
5588
9881
3359
1784
2511
1606
8416
1092
9486
3115
6423
1818
1724
8889
2581
4808
8631
8646
3879
5529
5987
5795
6362
1714
7042
7806
7267
2935
2402
4025
9918
9828
711
7563
8532
553
347
630
1011
4837
3331
3961
4969
2726
7220
6934
1888
4544
6966
2246
1873
4109
647
4508
482
5091
7667
1271
7377
4716
1347
3980
2710
5298
2643
5204
1604
3993
4152
8578
8033
8306
9602
5495
8615
5133
9519
4521
6553
2414
5505
2482
985
6260
592
1061
8921
5382
9634
6
3793
4014
8442
2458
8865
3451
6079
5212
6311
161
1791
8354
5123
1076
9460
9663
4185
2293
1509
2875
9399
3676
2832
9024
2088
4166
5767
2118
7112
4481
4376
2369
8553
134
7809
8057
7381
3782
724
2827
9589
5369
2519
382
7505
8434
4608
4008
4473
8487
8543
9666
68
9295
8076
2681
6486
5501
4738
9095
2839
9996
6636
626
5202
2331
3264
7522
9611
7660
7897
6121
2645
1416
2521
8766
5523
6469
62
1674
3773
1786
132
1783
8854
9345
6444
1558
2523
7262
1308
1552
1774
336
4470
3263
1556
9190
2781
5118
9259
6628
1158
1534
8193
2198
4908
9594
7409
9748
9686
5869
5119
8518
2716
9795
1174
1306
920
2126
4511
9172
666
3802
1941
7925
3711
978
5863
319
4034
8788
685
6871
2915
34
4911
1564
2488
9867
8211
1944
4049
2634
3045
3269
2432
1789
2027
7297
5033
920
5497
4741
3238
2139
3715
3218
9038
690
6178
813
1623
2923
7833
6445
6121
3725
216
2690
7765
6871
9168
6904
3638
9143
824
7181
9575
3996
4303
6847
1157
78
2803
1273
8071
8236
8129
5152
139
3222
990
9561
1538
6669
9766
9117
7039
7543
3028
4239
1868
3272
5569
349
5646
4333
463
6886
4137
2938
6008
9660
9447
1799
6947
4329
3909
6822
3032
4534
2783
2232
5827
9242
2237
5617
670
2224
9709
953
3770
5900
8388
2020
6126
8175
1647
1044
2708
8345
3039
3278
271
1775
3364
6651
2722
493
1961
3535
9693
9581
6048
1439
2185
8025
1871
9038
2615
8813
7020
89
8835
1153
613
9749
6367
8149
8227
9413
2573
7469
128
1664
2572
4944
6918
5265
888
7372
2058
3233
6203
7612
6793
163
3064
7869
2753
8190
7258
1037
6867
8385
8888
7268
3224
4001
2475
5448
5282
2406
8275
6732
3412
6727
3511
24
196
1107
9244
3599
6496
7219
1305
1660
719
556
7432
4527
8586
3544
1374
3991
3226
6567
559
1472
6132
5378
2988
5423
6018
4129
5070
2395
3363
8013
1576
8047
1063
3240
6024
8829
4499
1548
6094
3861
1308
4834
8528
6470
1074
4788
5165
1876
3386
9269
1984
3083
5105
2623
1560
9763
6957
444
1414
8980
7382
2585
4838
1916
694
6329
6498
975
2220
5958
6787
6526
9815
3581
8329
4267
3313
8058
109
1836
7946
8417
7269
9678
3911
928
4200
5867
5163
1121
35
9263
1492
5652
2027
4712
3577
9564
1907
7276
9971
6632
9184
3840
1881
213
2011
8438
5328
5938
1111
7350
2514
1541
7556
4320
4943
5772
7572
3008
8242
3223
9628
7044
9718
9940
8685
4154
7512
6042
2227
7693
526
4506
2509
162
2616
978
7326
8830
6838
2997
8195
7610
8779
9000
7191
6634
5824
781
2388
5098
9884
2181
394
5450
7475
1858
3780
9835
8076
8923
1705
3210
823
1428
8337
4493
5982
2189
9690
780
8956
249
8201
3682
7276
1218
2020
7267
5571
1562
8319
3456
4320
725
4037
7561
9875
7030
5866
1523
9692
8664
559
1370
1957
6766
5062
7704
6483
8524
8790
647
8024
695
4161
8499
8013
2522
6628
2356
2895
171
6318
6811
3559
7182
8229
3018
6190
297
5846
9161
4560
6855
4971
7974
257
800
7266
3612
4701
7496
5819
4120
1780
1015
3154
712
5383
6234
9870
7364
668
649
761
5762
1224
8248
2146
2485
2621
5713
8047
6261
5425
7921
934
7077
673
5794
3582
5137
6230
3914
705
6838
4888
7106
2917
2535
8784
2345
3804
476
4226
714
8376
1086
5947
5147
9235
4881
599
1015
846
4817
1110
3583
7640
3760
623
7692
8834
5374
5510
3721
9344
1002
7243
6846
3538
4664
8163
2607
7524
3668
3066
71
8243
5430
6904
3007
609
5687
7412
1460
8811
3154
8215
6696
3017
2430
4451
9959
1893
2059
4755
5692
1904
7067
4596
1797
2993
4132
5077
2677
559
5475
843
408
7330
1619
4888
1484
9956
3102
5581
447
7790
5315
2189
179
9264
7448
660
4201
2289
338
9495
3133
4520
2051
702
5502
8842
8147
560
5505
2245
4386
3677
1558
4956
9884
162
8603
4164
4655
9017
8895
9822
1673
6255
4250
1783
9734
218
9547
9132
7224
5802
6019
370
5687
5166
720
6532
1324
27
9644
2350
984
1849
871
5562
6794
143
2450
1625
593
6864
8638
6533
5551
6949
5796
3012
8463
2717
8806
4959
2680
8594
6085
292
4273
2830
1125
9400
7384
3902
3710
7681
5806
2566
2149
8708
1861
8949
9482
6698
493
4123
723
1897
9371
8584
3465
8592
9371
214
1232
9122
3000
7801
6205
4935
5129
5462
676
4831
5758
5922
4688
1016
1483
5500
102
9074
4772
2318
684
8017
9419
6560
3717
3315
1269
4318
4272
8435
3683
7228
8067
8861
192
9430
9314
914
3830
8988
4245
9166
4983
3134
9624
3865
6136
8948
2500
6459
1552
6530
3710
2948
690
3034
4334
2235
2950
7858
835
1188
3647
4135
6998
3767
8137
7266
1180
6351
9745
6266
3152
32
1002
3130
1168
9245
6141
6437
2486
5785
1168
1175
7978
7596
6954
398
1269
3528
4598
681
3065
1469
8070
9311
464
1321
2587
3940
5939
2564
7730
2615
3469
1244
7168
6815
4798
1676
1665
119
7955
1554
4461
855
1270
9569
6349
9670
9666
1652
2732
349
9243
8164
5713
9757
6283
1356
2237
9860
2255
682
1968
1980
7716
3433
1472
8404
6060
8877
6669
147
3253
8927
9678
4554
4204
2442
800
3257
9421
3413
4049
501
7711
1666
200
2169
5326
1589
4887
5978
9928
5033
9363
3535
2093
2352
6548
2657
8864
8378
600
2528
1939
5416
2476
3494
226
1297
4958
1568
4111
9044
2653
7017
5182
2799
5106
8473
6609
9327
1283
9327
8823
1449
3380
618
4784
4409
2433
7647
9956
8137
9467
8502
4021
3653
383
4981
8386
2716
8333
865
3758
5593
4518
4626
5664
2194
7799
3687
1132
9761
4038
7482
4402
1730
5739
725
5957
2828
6577
9221
6143
387
1997
3469
1491
1389
3870
9630
7795
2020
389
2646
371
7995
3031
1367
1534
917
2208
826
9111
3202
411
1331
4962
4715
9183
1047
9461
1488
8300
4843
9833
6096
9015
2526
2789
8729
2514
3066
3165
3265
1615
2567
2406
6308
1750
3057
7998
2606
4981
4299
9978
5083
600
5075
8864
2445
249
1240
8358
9391
9865
4217
6266
4968
1296
2160
2803
3665
6066
2528
2040
2010
4595
5978
304
5706
572
1590
7561
5798
6557
8208
4077
420
8373
7921
2834
8464
961
6816
4929
2351
2641
3128
3514
8210
8945
1324
1173
6541
6151
5800
7564
9785
9096
9625
951
950
7872
3872
6632
8837
3937
6355
2041
7653
5979
693
3666
7820
9902
1288
671
2377
2636
3439
8017
3000
7554
3128
8452
2821
4568
5674
2945
9620
1447
2716
4917
7456
5594
1191
6146
6035
4073
3932
5412
2038
2002
9224
3750
1529
3912
9559
3526
5525
1569
4791
3511
3552
6506
3151
9942
3089
4990
3791
4223
6052
1767
1385
7520
2992
1396
7073
5406
439
6011
8594
4951
3950
737
5425
5544
7646
856
3461
656
8506
264
7367
9332
7283
6210
5590
1860
3048
1264
2334
8574
5121
1201
5930
530
445
2036
1128
3782
6603
4290
9389
635
4422
2817
1752
9871
7429
6854
4523
8436
386
1419
199
7648
3112
5329
2647
5175
3523
1879
4032
4935
3299
844
6343
4930
7825
4450
739
6241
581
1700
7829
1654
6839
1817
6742
7619
868
7353
1200
2457
8115
3439
4559
6228
8697
6320
9609
69
458
7195
459
3376
9633
9425
6774
8152
5490
215
4907
583
4398
7594
2355
6418
4166
3186
3938
2507
9460
522
8876
1993
8230
3838
3336
2902
3196
9894
2532
408
6613
515
2665
6802
836
5624
3841
6843
1689
8315
4871
208
1581
6811
5566
4245
2798
7011
2964
3857
8972
5552
7095
1067
7923
304
9961
1104
7274
3324
8864
2039
3707
7016
6082
950
661
9144
5551
6869
7022
9605
7951
1347
4396
3520
9758
4745
3174
6325
9524
3820
1142
8196
7866
7383
1202
9629
2874
9864
2027
6602
2982
4489
4742
3745
3916
4386
1594
6249
2377
3309
7208
2349
7547
4763
3841
1840
1387
8437
1925
3264
4331
148
904
2461
7356
629
8266
1548
2132
5512
1127
6279
3422
4808
6140
3463
9921
5744
4859
8693
6182
4923
3089
2221
2068
653
7958
5220
6606
5056
2500
7371
6944
7890
8539
612
8662
9709
597
7669
5566
5510
1446
9931
3950
8187
3910
8033
1161
4791
418
2017
4062
5223
623
5066
8769
8210
2449
5363
8495
6324
3467
5599
1932
460
6455
1473
1807
1671
5865
9777
1552
4620
5823
3392
9728
1802
4716
6728
8010
1358
6965
5560
1737
1402
891
303
9915
530
59
4998
7060
4872
1282
2307
9941
4107
9636
9355
3743
9387
1327
1528
1779
433
4139
3515
2843
7581
2038
3460
1390
2575
4701
1376
4624
5402
4557
8594
6616
5237
7803
5109
2007
852
7520
3728
4934
679
6266
2363
3886
5570
3823
3985
4013
1677
9475
951
7848
8364
7243
2316
2764
6705
8098
849
602
7312
8477
4171
531
1092
363
3239
4431
5328
6111
3501
4180
6553
6032
6856
277
8754
6384
2853
1033
4375
1948
7370
7918
6207
9588
6489
5213
4844
2060
3620
8943
4740
786
1443
1089
6917
9457
2420
5124
4116
3333
5443
2729
2007
127
2987
6187
84
6092
4011
4460
7385
2113
7164
8693
5150
681
2114
1288
920
8531
4817
5848
1743
277
4994
6572
4370
8310
9478
7343
9481
3355
9706
8940
7387
5712
1931
6280
993
681
2444
6464
5162
329
9590
5509
2913
7250
4432
2389
6157
5422
8895
9980
6055
3631
8511
267
7937
3346
2258
2967
4597
8233
2153
4485
331
4216
5889
4917
9359
3008
6080
6988
4994
155
1088
7863
1968
5607
4394
460
2915
9383
5799
1395
166
9877
3091
7078
476
8029
9635
6341
5697
9606
520
7117
5153
274
5317
3385
1208
8281
4718
4825
9770
1120
7425
9410
5700
8256
9289
758
3618
1332
9264
2614
242
7634
2773
6917
9369
9022
5967
8735
1621
4236
9953
6826
5155
2789
4462
9900
8386
4059
2798
6541
2440
5328
5394
6270
5011
8980
6580
4618
6290
926
1283
7548
4437
8941
7934
241
3138
7262
7710
8352
4266
4001
7465
5223
4779
2168
5828
2375
2583
8560
4937
9250
1557
2547
7274
1492
8951
4988
8372
5617
9019
1020
7639
2573
7350
2653
1893
6354
3134
2422
1273
4781
3670
8670
7483
1689
1296
4788
5713
7345
1310
6814
391
8912
5737
6816
1906
6747
1318
8608
1409
6177
8262
1512
5141
8226
2796
8283
7075
2334
773
140
2392
5615
1859
7595
7372
8922
7578
8529
8666
2114
7455
46
3055
9262
4733
913
6385
4475
7898
1752
5378
2037
5001
1032
6085
1970
3809
4927
1616
5807
3071
328
9522
9839
7303
784
8071
2929
3793
7239
266
9842
5890
760
1466
4580
55
9116
6064
2973
2617
1451
9072
6706
6894
4181
2094
965
9868
2337
7219
6012
9876
1636
7680
7829
460
5060
8994
7495
5709
1805
2647
3386
6238
4884
1567
5226
9889
4442
2855
5768
4157
2627
5922
9778
587
7063
7513
6531
6901
9849
1301
1662
3868
8678
2905
727
1001
672
5893
2483
7462
3548
665
8065
9037
3465
9479
2105
6945
8643
6925
7780
413
8086
2305
1387
9402
7286
3245
2453
5588
1918
5917
316
559
344
2262
2767
2278
7453
4698
1069
484
3597
5737
592
4039
7136
426
6664
6769
2206
9466
858
5729
4685
3700
2216
8417
1193
8451
1138
289
889
4996
5614
3829
7024
8302
3412
6858
7584
8742
6973
4575
3510
7535
7374
2978
4418
9807
6431
3272
9893
9928
2081
3664
2704
8532
6254
3850
1098
6082
227
7348
1458
2641
3436
4854
2310
138
1823
9295
3908
3236
1692
6831
1887
6754
8979
4039
6181
4895
6710
3197
2430
4316
4385
6996
4775
1561
3575
4748
6351
7347
1519
4022
3441
2061
1279
410
1300
7906
5783
588
1616
3561
8337
5485
530
7882
1207
1854
1185
5905
6118
6122
2050
4129
5938
2180
5881
490
9259
223
6737
4477
974
7853
1774
2175
1646
106
593
7229
5540
8185
8251
6976
2260
3295
8277
3665
5715
5807
544
2158
2118
8918
4185
7421
1837
424
1663
432
7232
7755
1848
3497
7016
4530
3744
1008
5889
9148
8292
3060
8270
1519
9246
8143
7662
4158
4402
7868
9390
8963
3256
381
1647
2361
6842
4968
8569
2153
7345
8370
1968
9351
4476
5919
2230
1726
4529
6760
369
5578
5702
3070
5310
3700
2385
1902
9286
4803
7983
5286
3280
8064
7907
7479
3256
4523
5695
9643
5087
5933
503
8697
2946
925
6148
7046
8895
6327
4423
6734
293
266
3935
1492
3227
5361
3340
9430
2420
9252
8532
1733
898
144
967
2227
8809
6308
686
4270
4501
7853
2137
7676
4031
2917
2665
8743
683
4439
3307
1179
8645
6918
1766
813
4446
5278
7367
7615
8433
9899
2603
6817
1611
377
1260
8042
5178
4220
6032
1000
2389
3217
63
4516
1325
6901
8563
2825
6499
5844
1716
2214
1722
2068
7781
7314
6621
6980
377
5216
3700
1967
2715
5635
2787
5925
8268
8516
5316
7595
3613
4705
5719
1010
7216
296
7014
4518
1578
437
3870
7848
2540
2136
6363
7854
3762
9995
4338
7673
5099
5634
6213
743
123
9843
3187
5931
1053
9112
2718
1370
653
9587
8385
9430
9957
3505
9362
240
2022
978
5556
3130
1017
2345
8256
9243
5766
9951
3573
9318
454
9676
8973
5421
7588
9352
1266
450
1033
8239
9729
7775
9272
8100
6749
5895
5926
7271
8872
8604
5102
4873
5710
7425
277
9951
8098
4035
3049
3766
2764
4788
9407
5559
8291
4184
9374
2331
5176
7060
7510
640
931
179
8629
8188
8563
9803
8955
2129
7664
8048
8604
802
946
1847
8566
5637
2663
2862
4675
6281
4513
1706
2817
3370
3791
6352
5713
739
1694
1480
445
1236
9758
9247
2157
7124
4041
1468
2459
488
5634
8773
742
6772
9275
7795
3716
8561
6506
1956
140
8896
3884
6911
9427
3374
1177
6845
1108
329
2827
9718
1077
5122
7418
4009
952
4899
4793
5953
2208
7699
5991
9348
4005
744
8398
2045
4217
6988
256
7613
443
1267
7331
5389
7564
475
8394
647
497
2341
4743
3158
9608
6499
1197
3563
5918
835
7659
4769
4624
8219
2486
6707
9617
5
2949
1661
907
1053
627
1729
3625
1304
8240
5179
6213
6984
7769
2806
1390
1806
538
704
7516
2511
1697
9835
3927
2505
8101
8646
5716
6679
4951
2316
7537
7332
7255
7387
6980
9373
3802
1800
5390
3482
2458
9697
1174
4318
3871
2274
1732
2012
237
476
2474
6637
