2991
8333
949
5348
658
4756
7465
983
2537
2354
6217
8497
1167
1492
4072
9767
8789
8390
1617
7206
8007
231
7470
6405
5358
3400
1030
2634
5287
1878
5254
2111
2580
8888
5796
9350
3521
523
400
2843
5977
428
2763
9497
2682
2133
732
5616
4983
7660
3665
4662
3197
9256
8211
395
2360
2630
8590
2689
8886
8971
6591
6299
1116
3514
6318
4981
1688
1944
1662
9989
1047
3919
3219
3201
8327
4112
4339
2833
9376
9260
1776
4134
3855
5621
6325
4716
5491
7024
2143
5211
3115
1774
1390
5556
5311
1339
4396
3098
6943
4630
9229
6686
377
3123
1048
2944
751
1069
7701
6723
5943
1152
6423
1329
5525
4726
4876
1134
1030
399
130
2001
3534
103
5628
7376
9173
7459
4630
9788
286
8236
5717
509
6664
8143
5203
6223
120
1764
8265
8669
4262
1102
1869
1644
4663
1554
1567
5804
859
8075
4783
1786
2152
8893
5457
4265
2311
5705
947
2531
9165
3073
8382
5115
8205
6749
3963
2996
283
7308
2584
599
6740
1775
6171
177
2477
6210
3207
1579
4153
4108
4893
223
1887
8202
1668
2039
2699
6951
2763
8503
244
4574
1887
9166
6126
9283
5561
7385
1537
3935
2921
4986
8617
1178
105
6183
1087
9454
2315
8469
6760
1290
1972
9894
5949
436
9693
5361
5611
2499
7752
9041
4939
523
1072
7408
4388
9290
324
7670
1696
227
645
7612
7965
2217
3774
8614
133
8862
516
8721
3520
6684
1325
313
1224
3124
6838
3903
9149
694
144
712
5578
3824
9882
7897
9784
6282
1301
7361
9489
8193
68
7576
1224
3138
5538
7815
5703
2666
6841
664
409
555
9280
3456
8281
1682
6116
3417
2555
311
2427
5941
3706
5269
2437
6463
4705
6810
8099
1364
2861
3889
9069
7283
9362
7086
2014
2129
4798
8682
499
3168
9003
208
5956
9921
5209
6646
9650
199
9595
2704
882
2382
2849
8001
7496
7788
4374
6164
8584
1511
8971
1259
6776
6919
1715
7013
842
2989
9168
2613
2569
1188
5406
6144
6962
2774
8239
5368
6966
1090
2407
9655
44
1853
216
4749
8460
1559
6849
2830
8873
2096
4194
4902
5886
2747
5988
9071
8989
2593
2551
8052
1540
4681
9627
374
4466
2006
1122
5855
2232
6242
5958
4453
5474
5866
7768
1666
8904
3545
3017
2337
8880
6041
4124
9003
2039
1575
7179
3683
608
1767
6825
5407
7772
2457
6200
6409
6123
4538
4060
4004
9793
4653
816
1890
988
91
1143
4485
1509
5593
9366
3413
2309
1498
800
7330
2746
756
353
11
1947
8263
1392
5742
1800
3867
8030
6496
6149
1449
8164
2527
3096
4797
2077
2726
9729
7130
2431
6833
1898
1791
2448
1826
1119
8009
2710
9843
5696
3721
4479
3181
4741
5063
9330
2472
1569
6039
854
1620
4249
3515
4834
7560
8535
9529
1509
9225
4794
2047
1239
1917
336
5076
7183
9311
5527
7584
326
3318
449
4446
283
5362
4518
3777
2937
4135
9662
7718
3238
4269
3919
1209
3614
9286
1603
6714
2640
7922
1374
8528
2550
3600
6191
1694
5787
3574
2309
6390
6104
2418
3972
7452
5167
1922
5063
8476
6492
4385
7768
7119
9352
5667
2446
9161
8800
1315
3511
7526
7366
1322
4614
5495
4406
5331
4542
8440
8844
6589
960
7524
644
1393
3409
3338
5521
6964
3952
4625
7955
1999
3286
6842
659
5773
9839
8934
8368
9605
1800
6456
3183
5129
1754
6027
222
8446
9574
9879
7002
1837
3072
1008
4834
5145
2241
7712
1643
1634
9784
2919
4501
873
5489
4496
9758
3285
5433
9013
5046
5237
1425
1301
7651
7623
9985
7365
934
6633
2878
9429
9277
8766
190
3796
4938
3699
9660
7799
3892
274
3880
2678
5292
4487
8289
3767
6547
1169
6821
7584
5242
8875
280
7639
3930
7516
5827
9212
1158
1467
3455
1049
1981
2791
3186
5304
276
6663
3961
5830
5460
8733
2423
1223
5935
6976
5773
3354
9289
8362
9851
6990
4581
4607
5365
7125
5245
7791
4057
5432
7494
6878
7712
3707
7027
1906
1187
3571
2777
1532
3617
7349
2371
4363
1550
8960
5718
7597
1134
6334
3544
5304
4162
9271
7901
3336
8321
4727
3186
4633
7707
6817
7454
1912
1162
756
1925
6229
8810
1869
191
8156
1739
3980
9017
3252
3957
4299
1450
2422
507
5261
6008
1170
7650
628
9259
6623
3732
3190
9411
1267
3600
1088
6070
738
5029
555
9789
1225
7231
4862
111
7037
6080
5124
4318
223
7827
2576
8081
947
9133
1534
673
1106
4772
9724
6392
8381
8053
1337
5638
9650
2353
8428
2054
2644
6872
2008
5489
5558
1417
6911
5954
2728
1799
3492
1098
6069
672
7750
852
5020
7963
9866
9899
62
5472
9383
1786
2103
2381
5768
7493
7713
7301
7646
3335
9269
7195
2868
3339
3860
1824
9303
9278
8741
8697
7877
6709
1391
2725
1781
3147
8841
1518
5512
574
655
717
3822
1611
4712
7987
1932
2358
4887
1109
12
9823
7375
1143
3126
6642
7802
9933
254
861
7099
3982
2078
4103
7218
8010
5253
335
1729
29
1504
6258
2541
5268
8024
4018
5479
5248
284
1523
9339
9161
3728
9575
1608
2964
7158
2605
5025
1016
4909
694
8788
9501
8743
7368
8857
4342
8447
9766
893
8369
2490
5040
6880
4909
61
3606
491
251
128
803
742
8936
3922
936
1737
2618
1581
8502
9137
8600
5338
3520
1606
7279
8296
2353
347
7794
4106
2474
3125
514
2591
7838
8031
911
470
6961
4797
2653
5776
1614
272
5098
2648
5928
1578
1935
9089
1668
786
6
6080
2229
1242
5675
4474
3272
1695
5461
3598
5937
5873
3383
3078
1173
1860
6642
5018
1578
1957
590
389
3740
2305
7177
8892
3025
6675
158
5693
5039
9356
3577
7524
1692
2968
1530
7092
2710
2718
5464
756
5157
6168
8537
4695
9934
5733
2655
2561
6937
4491
8533
7671
7029
5488
4650
5798
2682
3851
5629
5174
9919
4663
3146
832
1533
2712
5251
974
7780
8128
4179
6339
6045
6164
2175
9803
767
8523
8830
7187
7270
1735
3899
9100
4161
7207
3560
1740
1802
7819
9636
166
2140
9098
1872
251
2288
1521
2959
9793
6728
5213
7309
5267
6496
5899
5138
3001
9762
5069
6070
2681
4953
8144
5975
2238
648
9116
968
952
971
3948
877
1076
8670
2718
5636
798
3709
7261
2646
2228
7868
4461
511
4924
8088
534
5673
505
9229
1717
3536
1450
9882
6063
8690
7956
7602
536
9429
8433
1060
1652
7149
1625
3773
8155
4110
3344
7532
1218
6943
1343
2343
631
1536
4087
4380
4813
9437
3540
8154
777
4179
1135
2865
188
6147
4902
8967
6131
821
5040
3853
6539
6430
6075
2849
5705
3525
6761
1941
7033
5891
6907
1360
1684
8089
1228
916
1368
6726
2177
48
1603
6440
3534
6694
7567
7091
573
1519
8229
9744
4092
4814
1035
4104
2004
5827
2703
2834
5777
4337
7929
6937
303
33
9852
7201
4513
1384
7950
5243
4264
9559
3977
2551
4610
3378
5904
2137
7472
4867
661
7360
5837
9695
5450
7427
300
1001
2455
7548
353
8566
7788
9401
6227
769
6103
1393
6272
2528
7432
1797
961
1399
259
1303
2784
1371
2486
4846
1416
4217
4300
5850
4683
2392
2449
1062
2393
9501
9767
8668
1840
461
5608
2781
7151
3272
141
6976
2992
3700
2270
1675
3973
7576
7707
4208
642
1114
5259
650
9835
7611
450
2888
4735
8785
9816
7081
5797
8053
8184
3753
9590
9535
7207
1211
6092
1150
5942
4055
9161
7308
1112
3734
1083
6770
616
6572
463
6728
6213
6852
6867
3151
4687
5474
9792
6739
3223
2197
264
683
2754
8620
3276
7282
4591
3467
7681
2539
681
5454
2356
1137
1118
9773
7852
6653
7553
7488
5919
1547
3533
6469
1031
7311
4091
560
5046
7796
694
530
2696
2549
7261
109
6105
1648
3816
8502
6023
9479
271
3324
8152
489
8408
3465
5919
1569
287
1543
3147
3661
4986
1620
8624
6626
1710
7193
5386
2717
5372
839
6703
8877
4224
8851
9909
2559
1596
1604
6837
8538
432
5306
3518
4349
8685
1425
4700
7622
6554
9878
5210
9301
694
1834
9253
3231
2095
7141
5395
1479
2755
3757
277
2186
4900
966
3449
6393
6993
6540
6387
1885
84
63
5116
6454
7238
6606
2459
4820
6665
9128
2100
2218
1431
1278
302
9328
1303
8733
3818
504
8993
5627
6416
8899
4818
3600
5180
3205
6961
647
8713
4518
1346
5588
6540
8682
2779
4904
9701
7700
5830
2483
7969
7078
4791
1529
772
5484
5822
8553
9093
3738
7054
9130
4202
2738
2703
3222
486
7803
802
9740
6704
9806
8916
7056
1078
435
836
4086
1313
9164
1831
1391
9434
3296
9020
1571
1902
2331
7484
1440
1054
499
564
9889
490
3022
4326
1795
8911
1443
173
5972
8255
8414
7920
1740
640
4792
360
4865
4423
2182
2885
2789
1734
9504
7486
5027
1012
6101
3016
1563
4764
4861
5498
2633
985
1903
8654
6765
5232
4597
4617
1670
7342
9372
7759
2400
2372
6816
7121
1520
2240
856
4248
8477
8110
2478
5911
7394
8734
3090
6188
3041
9448
111
183
5034
6398
4365
6158
4908
80
4185
8800
1035
1254
9010
3800
2819
345
5253
4773
9580
1283
3820
1608
4670
425
9282
2365
9879
6245
5194
2270
9323
8489
5984
6372
9403
6289
8224
1583
1257
2088
6343
9736
1211
7822
2023
2917
3342
2792
830
9325
5372
5848
8072
461
2449
3007
660
5578
7259
800
7141
2503
2112
2199
4202
9865
7157
5226
4128
105
9100
8511
9191
9562
8445
8190
5938
6253
7032
7640
723
7441
937
9080
678
9502
2845
4344
3804
3860
21
4664
9259
4095
4137
6123
164
7118
2655
3858
3862
9476
8284
9069
1761
8302
9161
1278
1117
5383
3514
4209
6860
2601
187
1898
4301
6164
6219
2621
5122
3412
526
8947
1941
4061
6382
4428
8486
6938
4898
8912
968
2344
1377
7642
5069
5564
1656
7623
751
1692
3435
4283
6545
1708
9977
5766
4437
4919
8419
7413
5775
2785
1310
2539
1177
9851
6390
3746
5768
3255
7525
2124
127
1164
3045
575
4883
8844
9938
7233
3632
4228
2932
9343
138
5715
731
8228
4949
3439
9084
3529
5065
5653
1244
408
8560
3183
7194
2101
5058
7883
8817
4079
6084
7129
7901
67
5116
757
8815
1730
1384
4614
4700
2260
6143
1766
5819
7373
1463
900
8878
9935
7049
806
2144
5296
2979
4514
5617
9982
5852
2223
9998
368
1949
7399
9892
1854
7198
6272
1573
6052
2927
4908
9692
5603
5048
1053
8782
4600
6274
7981
9491
6993
5000
2157
3235
6029
1688
5804
9508
2036
9631
5563
5859
2663
5364
638
5680
1993
707
8245
607
7374
8317
1436
2652
8867
6557
8192
2271
1854
6207
1331
8096
3063
5868
8738
8381
1975
2009
4981
4970
5375
1553
2310
2440
5949
7871
7014
8489
7307
5505
9116
8483
4489
442
6495
3811
8476
6823
7383
6340
4390
6452
6334
1200
5127
1359
4701
3317
3044
9629
1476
4668
5736
1531
9226
6582
5753
5544
2662
5336
3244
9602
1981
2409
3963
2254
6653
9962
7782
3980
7945
1221
776
9498
8182
792
9867
4087
3781
1188
5230
7531
3459
3985
4086
390
8189
837
915
2822
7992
5957
7717
5757
2287
1467
8446
2305
7214
6152
9834
9846
4319
3483
4588
8969
6963
2659
3658
1422
372
8082
2301
7069
600
402
2786
6472
6200
2396
3588
6977
6610
6647
29
3177
5068
7678
5594
9212
9450
8454
1839
8219
8833
8174
1019
5785
5341
8071
4269
7179
3984
6422
4103
2426
4076
8583
3890
9035
8147
324
931
8113
9165
1959
1948
288
8778
2173
4678
2725
6136
6731
701
9349
3399
3909
5804
6467
9179
396
1931
1622
3714
8808
1030
7850
8263
5287
9152
9317
8502
1093
1720
6397
2272
236
2171
1961
1457
9021
7210
4357
4321
3568
4717
5466
7816
7785
2455
5901
5846
188
3804
6999
3778
2481
6785
5957
1808
2763
1715
2240
6856
4118
2507
3135
8517
847
3552
2284
9035
1401
3550
2293
1485
3645
7414
9716
7006
465
5029
737
8678
92
1209
9238
1815
4857
2849
6659
4865
9818
4420
243
690
5151
389
9694
290
1416
5878
7329
7023
5431
7371
6475
4916
7129
6480
2762
8239
1094
1965
4293
5283
5478
5160
9019
6747
5223
9548
8236
3552
5213
2570
9446
2605
7353
8541
4739
416
7822
1394
4080
8820
3567
7351
7985
2333
9676
3763
8948
1140
9615
8407
4419
4772
1042
3604
702
916
7508
2221
9032
2726
9804
93
6880
7551
6828
7916
8068
3223
5273
974
7041
179
3978
1021
7966
8498
9040
808
9065
1525
7221
1116
7330
6691
1432
8642
7863
1787
5815
5049
5759
1515
2702
614
2635
2832
8783
5544
2314
4543
1698
3489
1628
276
6704
6450
394
4137
5690
8854
5891
3722
1440
7395
6538
390
6158
2076
3294
9176
8889
9994
5194
7782
5739
219
2174
6410
3067
1772
7405
1712
1585
3667
2474
9567
3656
2256
7612
1483
1125
534
8649
8250
7207
5092
3922
1190
1919
2633
9003
2482
7346
2327
6943
2593
5612
6391
8481
3059
5240
1949
4406
801
445
4237
1729
4699
2459
366
9262
1504
6167
943
8547
7982
9634
8135
6964
379
7505
1505
3447
7299
4745
3400
3447
4050
8969
6303
8220
3748
7197
277
4443
1083
9279
6550
6922
9138
7072
3253
583
1136
1592
2105
474
5374
5707
5461
439
6284
4429
2973
4296
6033
3750
9574
2747
8994
6249
4061
4504
725
8242
4267
8710
8870
2878
1655
3102
4234
4400
9468
2415
4354
7505
4668
1300
6306
9815
7621
4723
435
7994
4852
8440
3445
9971
6056
8481
233
1685
696
7963
2430
7856
3671
9533
6442
9827
3062
8995
6460
451
5339
5662
8336
6730
49
4346
6242
8225
7408
8560
3094
7296
3582
9213
7719
5349
3062
1587
4847
532
1400
7374
4119
7391
2626
3770
351
4198
141
5315
7408
1408
3274
9596
7296
4186
5519
2148
230
2911
6461
5222
4334
6921
9764
1937
1087
311
2425
8600
5883
767
3830
6266
8935
8374
274
2179
3116
6622
3028
6452
1022
3631
3458
8018
5883
4746
814
3691
2277
2185
6964
9118
1891
8011
9229
8378
1973
8846
8216
4423
7895
2462
2569
1845
5144
1438
1842
4514
8763
5988
7713
1552
9133
9817
2154
8630
3016
9841
5367
2709
2136
1768
1645
4718
3309
9966
1969
3986
5616
661
3355
4026
4169
8408
825
6072
6128
2926
7559
9966
4514
2207
5422
6206
3158
2838
8939
3665
1889
1928
7233
1084
4055
324
9313
2095
6563
443
9369
4496
5145
4562
1306
2440
9498
5189
2575
4588
4855
2751
9275
2255
7402
6216
6002
6918
7937
5741
8395
6492
8892
1718
2468
5446
794
2852
9319
8618
3903
3658
8044
1020
3272
6765
6078
297
4642
5951
418
2248
7719
9304
6613
5165
7658
7206
7302
479
2358
679
6724
7773
9154
3716
2985
4413
8536
65
8791
2789
9079
9314
1538
2190
6133
3664
7758
3829
7400
3787
1114
355
695
82
6974
6384
7020
930
5793
4595
5965
2748
2366
6541
2075
3450
8695
280
5819
9010
938
3178
4580
3675
2019
7550
6679
3520
4211
4868
3238
1124
9424
4967
9342
4453
9373
8128
5958
8627
7643
6185
3421
6146
5375
1893
8559
4703
902
1790
6297
9680
5047
1183
8861
8495
6888
4164
5752
2007
9380
9774
194
5871
5963
5819
5413
264
7834
8213
9218
8098
5948
4153
1744
5252
817
2988
2710
2283
5071
9673
8747
1170
2646
3806
1884
2083
472
2776
2078
9437
4985
6043
9509
2503
6579
1863
7476
8932
2461
2823
1974
2631
3501
1084
5836
6312
2604
2889
135
4791
9129
1104
1529
1057
9648
8110
7879
5474
1260
7810
1202
762
6058
1235
1159
3746
8513
1267
9219
4816
1135
5438
6442
9305
7253
1544
186
8519
9654
1958
7948
9083
700
8011
9195
4949
1436
6758
4279
9026
4667
1210
2092
3876
6480
1279
6623
584
1467
5879
9449
4149
7815
5139
6344
3457
3853
6550
2706
168
9737
7850
4763
5807
3264
7698
7576
2469
7778
5248
2788
8587
3037
8600
532
3014
2370
6629
8887
7795
9308
5067
7632
3338
7005
3836
5830
6982
4107
9102
2587
2500
5628
2125
2396
1097
1070
525
8697
4041
683
4675
1078
3798
1178
2053
2961
8118
5928
8878
6901
3944
57
9111
7278
664
9290
1810
8862
7265
8521
3113
5215
322
8952
6407
2473
420
9757
4996
8630
8571
8237
8967
8325
8091
8059
2855
8172
2701
5435
9683
1122
321
9740
7507
5324
4582
7493
1102
9830
5481
1759
7245
8324
9691
9108
2384
4281
4726
6358
1599
6871
1296
4611
9348
5208
4849
4039
9816
78
1522
6946
3530
742
7542
7468
4503
1058
5422
8822
422
2934
1063
947
9380
9235
230
1576
7344
6915
3224
3135
39
2500
7635
8978
8178
1145
2321
4710
4350
7709
142
9829
3277
6457
4479
353
5259
3351
917
5494
5780
2808
7235
7375
1076
5924
7276
9612
1407
2672
4449
6515
6466
5253
410
6596
649
1518
1474
9825
931
9681
2600
3997
9075
466
5491
6900
6920
4501
6213
3036
3247
8355
8244
6491
8647
8718
5269
2553
3061
5352
6889
2615
9017
8913
1549
3264
9249
5984
1533
3295
2173
8036
2041
8209
6675
8171
7034
5308
3076
6386
1094
7520
30
7214
3826
6205
6547
299
6056
278
8090
259
1130
8949
2277
3457
1461
3630
7603
166
1049
4264
2678
4396
9016
697
7431
9242
2749
705
2073
3239
9983
3867
635
8530
5814
5823
9522
4001
8894
5979
7879
1432
474
5492
4508
5677
1354
1815
6629
3962
6831
3268
9029
5506
5950
6846
2758
4856
1140
5148
7629
9948
1945
9236
5165
183
3224
9880
459
2745
7678
625
6642
1649
4785
6380
8728
3021
915
9090
2848
6002
1175
5004
1490
462
979
4279
6904
9388
662
4852
6522
3753
1756
2403
9324
3253
7167
4305
9766
4571
3713
4031
1428
2420
2184
8214
7168
9752
1705
3431
1149
8119
2936
9400
2309
9016
1342
3932
5253
1488
9100
8497
6438
1477
7759
9920
6112
1395
4244
1953
1531
2639
174
1022
4886
2298
9046
6216
5739
3560
4387
7199
8178
9185
1994
5006
7414
504
6151
2821
7717
1306
6957
1692
1515
6137
8474
6116
9665
8698
2079
2608
6290
7996
5950
5268
2495
4731
8308
845
9571
1715
5338
529
4489
6808
6487
5608
7485
2149
3000
8507
2576
4964
1298
8668
640
2030
2598
9702
1415
7987
2087
8519
6563
1276
729
987
2566
1278
8394
3946
5775
6610
37
4101
3465
4564
2804
6381
4114
3528
3046
6325
5406
84
210
4425
9149
6874
699
6095
1162
9124
1172
6092
4086
3765
5446
170
6245
5629
4287
9833
5143
5757
9677
4676
3017
300
9436
4965
3645
2105
396
460
5687
258
38
9820
3290
741
752
7862
6003
2405
5568
3129
4275
3568
7373
890
275
4046
6460
4209
451
1788
6250
6789
7731
5065
2053
7625
8870
2160
1024
5638
196
6120
8150
5403
9599
8825
5374
9811
4168
704
4224
5430
7298
9444
3960
4530
1463
5994
1944
2475
3691
2454
227
1056
1182
6947
2887
8624
9029
1397
1082
4365
3003
8733
2937
6961
5524
1436
1821
62
1186
1787
2654
186
4236
2507
4524
250
4987
5209
492
9726
3303
7860
3952
5870
3618
2
731
851
5347
9871
8595
5225
4853
8968
9352
3363
7729
1239
7523
2816
8186
464
4626
5981
3687
1755
8564
6059
3318
8627
3952
5218
1407
8766
4411
5701
9815
9790
9865
6888
5494
2760
1763
112
1019
8130
5066
4251
4862
6018
1787
2816
9126
5813
4932
2167
2396
8542
7446
4971
7296
7455
4123
7903
411
9980
5993
8336
149
7838
2824
1785
6359
2054
657
1468
2371
4563
4312
656
9251
1445
1323
5350
800
7347
2155
1185
4628
6570
5482
3317
7825
1638
2133
894
8099
2502
7733
6564
596
9947
5937
6446
1279
8706
2758
9509
2615
2579
9577
5002
5208
2776
3020
1787
8366
8849
7599
6242
8326
4663
6089
6270
4177
2624
4600
4230
2544
4148
8837
4795
9964
7885
2091
9773
2805
7716
2953
3297
8286
2457
1606
7714
3494
5922
2869
8502
4282
5609
4665
3634
649
2303
91
4016
153
5061
1929
7647
7192
3389
4849
5212
9893
2156
1359
4832
2704
1971
771
5210
1519
4286
470
607
6851
9149
4271
3487
6603
8881
9473
7658
7975
8553
2951
2818
6223
3405
2787
578
8549
5514
9794
7775
2087
304
1444
6079
4730
6712
379
9864
7284
8587
8962
9657
1705
303
801
6974
6217
1426
1934
6768
3127
7596
3077
9484
1852
5312
9627
1078
1261
9235
4032
1293
9387
3072
3
5968
3546
5068
3354
6257
3380
7382
3666
6073
926
656
7908
812
9611
4740
5753
3583
912
8737
7983
1367
409
7173
5932
5203
9194
80
866
5117
1927
2710
5716
2813
8568
5285
8680
5631
439
9735
4957
2454
7676
1066
5679
1857
6107
1823
121
412
9820
3632
2587
9130
2556
6885
6204
7634
962
4232
9937
9143
2677
200
1054
157
123
7963
9980
5305
7461
2376
1468
1096
490
7508
7147
5811
5088
4410
791
9265
322
4592
9217
2285
7327
3848
435
2746
6095
229
6596
6580
2971
5263
5049
2937
8829
8824
2751
8680
5206
1839
86
8456
2655
8309
4448
620
4306
2975
6234
3541
4874
3515
2074
9817
1048
6198
5178
1843
6104
1725
8068
1179
4211
1891
3919
1320
3445
8706
5432
6930
1106
7861
1492
685
3909
2454
9893
8611
1577
9492
7019
9105
4076
183
5533
2325
3953
8039
777
5926
4485
7497
6216
4
627
43
8741
1330
4716
3571
8336
1778
9889
1683
158
3631
5971
8511
7667
1584
318
1906
3666
5980
3280
3965
1380
3721
5264
514
7527
154
5645
5905
3081
6200
4821
1185
3318
6991
2600
1729
6414
8253
9115
1582
8811
1766
1473
2936
9361
8492
4007
5201
3254
1118
9823
4885
3268
158
879
5200
7821
2151
8746
1501
2575
686
6688
2747
5240
3720
3506
2149
7563
237
9177
737
8435
7563
3335
4536
3976
4990
4493
4792
6656
1167
1951
2551
9495
2171
1221
713
9538
8165
9395
116
3249
2158
1724
9202
355
6628
3058
7846
6014
3849
8833
4898
1039
2117
9853
7241
7919
8351
921
3137
231
9704
2665
9995
1301
9768
7850
1637
1583
6909
6880
1007
6599
929
8257
2686
8304
4987
8865
798
1712
4057
4140
3019
7959
6221
6843
97
9471
6389
3569
8658
4132
1696
8645
1528
9029
7341
4086
6828
6652
4022
8010
3014
3227
7854
215
678
2519
4998
9445
1491
8169
6374
9523
5554
3250
362
3801
41
4319
7466
14
1284
6766
111
5788
7655
432
4291
2689
1109
5696
2073
503
8401
3906
6029
7126
5556
6383
8092
8071
2142
144
4087
9468
4464
1993
1956
2207
3593
5561
6022
665
9679
334
3774
1972
5696
670
6097
2643
5274
691
556
1296
3480
1287
5702
3046
2270
8145
1557
7232
3479
3198
2100
4065
7676
3059
2579
7222
2392
930
1503
4297
1242
5292
6740
1527
6395
5078
3248
2372
7153
4638
5897
4845
2451
8192
6594
5935
669
8772
5146
326
5190
1370
326
3465
4624
6345
3504
8756
5968
2804
2207
2517
4879
8655
4457
5228
7312
2560
7847
9292
547
1561
1448
983
169
9317
7272
8281
8713
257
8306
5507
8242
5037
9220
8955
3474
2771
162
402
6199
3735
4205
4231
8228
159
7606
3066
1126
3270
7006
7491
7992
2043
255
4292
8307
9535
6848
3708
6490
8383
4645
142
9797
287
8086
6353
6667
1512
449
4969
86
8146
2418
9478
7666
6102
5490
7019
1175
925
6685
5586
6295
6621
2296
8574
9193
8358
4979
369
3895
7191
7468
5279
6597
6775
4004
7074
2611
5536
886
4479
9749
5102
4005
5594
1073
3801
7109
2742
377
9423
5085
7791
5465
5159
6171
4075
1971
7169
168
318
6793
1745
1470
3949
7739
2637
7367
902
2914
6069
5992
174
2428
6611
7742
8283
7833
1603
1159
7875
9541
68
4789
1156
2551
5776
1246
3029
1976
7529
3160
2908
5321
3668
1043
8402
207
2346
1878
7685
4528
892
8911
2509
482
1016
7414
6081
3297
570
3265
6506
9058
1572
621
1095
5031
7616
2747
1347
5826
8405
3545
324
2812
73
5811
1797
6104
550
1786
103
9300
7744
5252
2851
8624
5141
2883
4820
1555
6630
442
1939
7210
4518
6254
322
193
848
1130
4156
9095
7870
4229
349
6877
6327
1255
7582
2656
9304
1882
3668
3351
9223
4782
2858
6687
6611
4560
1468
965
2896
7707
1158
163
6898
367
4379
8527
6664
8241
8570
1408
9707
3123
830
1091
7127
5318
7349
6669
2537
3038
9492
9841
7881
4197
2329
2389
1530
8930
3057
3088
7344
5931
1435
6438
4113
3256
2716
9255
4511
5626
5380
7509
4037
6988
753
6069
9888
105
4675
5608
7120
9438
8751
9594
2831
9889
8584
266
7873
259
9451
9292
5133
1218
8186
4139
3435
7458
1004
8643
3166
4524
130
5566
3924
359
3629
92
8587
2951
7886
9289
3494
7507
3758
3242
1441
2411
7087
3816
5489
3354
6114
1376
751
1064
6043
4794
2311
7123
7123
3385
1356
7568
9276
562
1535
6620
1338
4016
5455
9816
687
9879
3347
820
1351
1848
2102
2010
8054
5045
4401
1871
8575
5414
6944
2662
1622
6746
2830
1414
7944
9986
4370
9852
1258
2602
4750
1396
1359
9129
6517
3588
7070
204
1934
9657
3971
6286
9766
5863
3685
2154
2042
7243
728
3444
245
2899
7988
8997
1719
2800
1477
2613
1287
635
6500
6910
7787
1926
5702
8223
517
2388
4708
2670
4687
1451
2427
626
2107
8073
4324
159
7716
4213
3767
1779
5449
5591
187
2897
5883
2603
3025
5244
6677
6098
9106
9366
5035
3226
278
1129
1062
2959
7719
4806
4447
337
7589
7677
586
9672
604
7500
8134
5301
7250
2699
5602
3179
4181
2151
1330
4382
9028
5053
8897
4891
2397
2666
8297
856
8295
5345
8945
4509
2209
2028
1462
371
395
4518
7694
5852
1299
9433
7417
4644
3571
9987
312
8870
3448
8351
4243
546
5991
6257
4565
4285
6139
162
1243
6457
5794
5405
4285
3175
3496
2104
5084
9546
148
4199
2477
7038
9938
9101
1556
1385
5185
6165
7444
1728
2382
8209
982
1277
480
3504
4089
4016
4853
2021
4953
9444
7181
7350
2691
9252
7814
2386
7607
237
8983
1270
3935
9509
3730
4770
9488
5212
2915
5255
5886
3282
7358
8020
1476
5610
4664
1250
8900
749
6740
4604
684
8082
6929
3187
9098
2732
1682
9185
3202
5364
1870
9020
3165
7545
4633
7054
9252
4662
7651
18
5549
1987
3967
7505
4133
7582
9079
1614
1455
843
9214
5551
8796
5641
2342
894
8395
7768
6996
7326
3443
2856
3840
2241
3983
6819
8289
4457
9065
8813
344
4718
7370
459
4251
3200
9232
83
8790
6526
2465
9282
8909
1462
2592
1475
3557
8253
4798
8206
5939
5057
7314
5024
8293
4461
3996
2698
9552
605
9014
4524
5850
6819
3308
3779
6697
9529
8926
8240
9995
3880
3667
9051
8904
216
4481
8248
1844
3481
778
7593
1609
5746
5672
3652
1461
7944
4605
1942
2496
5937
9364
1960
3553
8057
6348
8417
4545
3268
5542
1565
8960
309
589
8989
1494
351
7046
3630
7469
1834
9832
3630
6317
5113
2317
9372
9640
6457
2697
9312
7640
7084
5019
139
8437
4439
7730
3312
4715
1848
6049
4579
2011
6717
9782
5936
961
1057
7512
9679
134
9000
943
8183
4359
1229
4616
6129
1958
9737
1721
5423
255
4727
8290
3084
8318
2406
5253
1557
3343
9519
4823
2345
9382
7207
6055
8125
5264
5575
7742
7923
1305
7706
7960
5579
9247
2823
1186
8410
1447
9024
7844
6123
3759
5738
594
8132
9380
2670
2205
5946
5781
1183
879
8775
3063
7389
8007
714
4347
569
2545
1504
813
9418
9146
4307
2638
8207
6978
1248
7363
9830
9331
8652
9087
8269
6290
5929
2335
215
5667
662
6597
6865
7874
2789
3416
7141
2495
1330
1834
6751
297
1344
1321
4334
4862
2549
9242
3581
1585
217
8403
867
7166
2715
855
6663
7147
437
9032
456
3743
2353
4040
3405
9639
2156
6400
9544
4630
3450
6101
3792
5085
8906
8327
4159
3723
5419
1916
7497
7543
2511
7789
5118
6124
2175
2895
4850
1268
3392
1381
3083
5560
1828
1108
1066
9111
2420
8039
1950
1621
1324
9204
2645
5637
4503
158
3797
2602
9421
5500
3626
9259
4794
4347
1536
2006
5057
8255
1876
2470
8144
6896
2054
8503
2358
4482
9698
9401
2435
9957
447
7859
7823
2415
7686
5323
686
3510
5191
2163
6289
1283
762
8550
5344
2499
3346
1635
7384
1967
9142
9208
287
3151
1762
979
8608
2827
4267
3798
4371
3842
9858
9833
2747
8990
5643
9380
4391
2375
9023
1325
9153
5303
5583
9103
219
3967
6969
7324
8268
7208
5936
6275
8725
3324
871
725
4936
1253
398
1925
939
9750
6512
6751
1129
3097
5596
5995
4794
3577
1939
5569
837
1746
1586
4782
8787
1605
3104
3480
4821
7440
6665
9711
1208
6189
2317
2661
2632
4090
531
9119
5395
5033
2706
4380
6624
6425
4513
2454
4384
2308
9324
5862
3859
2314
5690
4093
3726
5567
1182
7232
5548
4272
859
6355
3266
7820
2235
6570
2680
2112
4993
7052
7076
947
2238
3977
2585
4340
1713
1757
4496
6593
3602
4197
4901
9625
4401
2946
1030
4371
2138
6731
8648
9601
7628
1528
3739
5424
5498
9421
4686
8081
2002
339
5861
7741
412
6125
2058
8659
1637
473
4243
4518
3165
6358
4803
3814
9341
1893
1698
3835
2877
3923
6481
697
6741
6885
9241
